it	h	LC
1	12.1207	12.4367
2	13.1686	15.4548
3	15.2277	14.9087
4	14.8857	13.2701
5	13.6373	12.3688
6	14.0269	14.6445
7	13.6561	13.264
8	13.6287	13.7716
9	13.2806	12.2458
10	11.2468	11.5344
11	9.7793	14.4085
12	14.1669	16.6153
13	12.1907	13.1807
14	12.7691	11.734
15	13.9922	12.7722
16	11.4626	10.5909
17	13.2205	11.2522
18	14.2946	15.9287
19	13.9124	14.2825
20	13.0612	13.7847
21	12.5923	12.91
22	13.9464	11.7441
23	11.7589	12.8774
24	14.8305	13.1957
25	10.3778	12.2064
26	15.5015	16.5089
27	14.1699	13.007
28	12.8915	11.2447
29	13.0365	11.0834
30	13.0664	11.733
31	14.4809	13.6115
32	12.1134	11.1651
33	13.1237	11.6824
34	11.9856	10.8348
35	15.1783	13.5687
36	14.8058	13.5642
37	13.2569	13.8415
38	15.4977	14.0347
39	14.089	12.6229
40	10.3259	15.6249
41	14.4803	16.6311
42	14.9802	12.9335
43	15.161	14.8246
44	12.6743	13.1002
45	12.2305	12.482
46	10.6784	14.5392
47	13.8457	12.3134
48	13.8678	12.3056
49	14.3856	13.7727
50	13.1746	11.4569
51	16.306	13.8076
52	11.3025	14.2751
53	10.4286	13.9631
54	11.2035	10.0234
55	15.1103	13.933
56	14.3048	12.846
57	13.1213	14.5316
58	15.3326	14.8225
59	12.907	12.5925
60	12.6249	11.9915
61	11.8229	13.175
62	13.5649	13.1446
63	11.7162	11.2291
64	13.7902	13.9865
65	13.9918	12.2012
66	15.9928	13.7673
67	15.8183	14.3838
68	14.7447	13.1037
69	12.5046	12.7206
70	14.073	12.9543
71	14.0673	13.4704
72	15.2807	13.2206
73	12.9708	11.3943
74	9.8229	11.6382
75	12.5543	11.4942
76	11.7619	13.1606
77	14.0145	12.8744
78	10.9505	10.6885
79	11.5414	12.5537
80	15.0877	14.1603
81	9.5693	14.8297
82	14.0811	12.1757
83	16.4999	15.1408
84	14.3218	12.5705
85	14.0962	11.8213
86	10.104	9.933
87	16.1403	14.8841
88	13.8793	12.9071
89	14.3147	12.2278
90	14.0764	15.1819
91	13.2814	14.0812
92	13.8773	13.7968
93	12.0636	12.7463
94	13.8541	12.3317
95	12.1743	11.4884
96	15.8661	14.0701
97	13.4384	12.4463
98	15.7536	14.1989
99	12.891	14.9143
100	14.2828	14.6779
101	10.7136	11.0554
102	14.0529	12.5794
103	14.3272	12.8622
104	12.3209	11.6108
105	14.9496	14.3946
106	14.0539	12.4554
107	11.7056	13.2567
108	11.7348	11.0646
109	15.1989	12.8742
110	14.8049	12.9174
111	12.1794	12.0847
112	14.7741	15.2702
113	12.0809	10.7741
114	15.6132	13.1798
115	12.5753	11.1725
116	12.9467	13.4059
117	12.0088	10.852
118	14.7834	13.8303
119	12.1386	12.9375
120	12.1224	13.7424
121	12.0123	13.4953
122	14.0562	12.7134
123	13.3541	11.8375
124	11.8262	14.2432
125	11.337	12.5968
126	13.1094	16.3909
127	17.3003	14.3777
128	13.2007	10.8962
129	13.039	11.2531
130	14.6316	12.8961
131	12.6615	12.2999
132	10.3837	12.6105
133	11.9854	11.3751
134	13.2911	17.0703
135	12.5939	13.122
136	13.9105	12.7852
137	13.8766	12.0852
138	14.66	13.6525
139	13.2353	12.4509
140	14.1092	12.555
141	13.162	14.39
142	12.0519	17.1176
143	15.2354	13.6685
144	12.6316	12.0058
145	12.6233	13.1512
146	13.2111	11.1471
147	13.6649	13.0355
148	15.1778	13.212
149	14.1093	12.5571
150	13.9452	15.3798
151	11.3475	14.5648
152	13.2806	11.7327
153	15.3108	14.5881
154	12.108	11.0723
155	13.654	13.9177
156	13.5188	13.1121
157	14.7899	12.7396
158	13.7622	13.6492
159	11.6157	14.2264
160	12.0593	16.8769
161	14.8135	14.9499
162	13.2351	15.0091
163	13.2371	11.8737
164	14.6755	13.4561
165	14.8669	13.4892
166	14.2967	12.1434
167	13.6712	11.6201
168	12.7925	13.4544
169	11.2829	12.6615
170	10.2408	13.64
171	12.8342	13.6976
172	11.6795	10.811
173	11.2472	10.4335
174	12.5854	17.4393
175	15.5932	13.1509
176	14.207	12.7685
177	15.3911	13.7135
178	15.622	14.5082
179	13.5348	12.2725
180	15.7273	16.1945
181	8.9476	12.9146
182	16.7493	15.2707
183	14.0862	13.6903
184	13.4002	12.4631
185	14.7628	12.7597
186	10.9766	13.4
187	14.1389	11.9383
188	13.0154	11.889
189	13.9535	11.8971
190	15.358	13.6375
191	8.3406	13.2452
192	14.2359	12.1037
193	14.4041	12.8306
194	13.9856	11.8266
195	11.1741	15.6186
196	10.9486	9.5291
197	13.0716	12.4665
198	14.3706	15.9659
199	11.3812	15.0367
200	16.5545	15.3582
201	11.6304	13.2249
202	14.4989	12.1128
203	14.4343	17.6968
204	11.2558	14.8644
205	14.7651	15.698
206	12.749	10.7229
207	12.8852	15.0925
208	13.4842	13.4268
209	14.8285	13.1221
210	14.803	13.5307
211	11.7671	14.6453
212	12.9552	13.2756
213	13.2962	13.1942
214	12.8565	12.3469
215	11.6991	12.1342
216	15.8127	13.7018
217	13.2843	14.5327
218	11.6487	10.8816
219	13.8271	11.6866
220	13.2602	14.6895
221	12.5573	11.8081
222	12.9743	16.0719
223	13.7838	11.7239
224	11.3941	10.9658
225	13.5584	12.5334
226	11.2535	10.6756
227	13.7274	13.5752
228	11.9249	10.7029
229	15.7394	13.2508
230	10.5542	11.2296
231	15.531	13.5005
232	12.3649	12.3649
233	14.6712	13.2929
234	14.9831	14.3493
235	12.7916	13.0953
236	13.3181	13.6994
237	13.3512	14.9166
238	13.4972	12.7272
239	15.4409	13.407
240	15.8438	13.7815
241	14.5266	14.9133
242	13.596	13.8418
243	12.0546	15.0183
244	13.1299	14.6068
245	13.222	12.6507
246	13.1348	11.5287
247	13.0719	11.3624
248	14.0089	14.8402
249	15.0515	14.3732
250	11.9985	10.3618
251	12.193	11.1494
252	9.4712	11.8853
253	13.5502	14.4848
254	11.2364	10.4251
255	17.7879	15.8204
256	14.9591	14.0449
257	10.5838	9.9584
258	13.9165	11.7897
259	12.5119	11.6377
260	14.2203	12.6815
261	13.3523	11.9928
262	11.7397	10.0882
263	12.4888	11.587
264	13.4414	14.2282
265	14.7747	15.0924
266	12.3497	11.139
267	10.9101	15.5549
268	15.7963	13.58
269	11.7481	10.9899
270	13.5465	17.8811
271	15.0023	13.0398
272	13.7604	13.1006
273	12.4423	11.1743
274	11.2261	10.1207
275	12.5603	13.7602
276	15.1856	13.1536
277	13.8822	12.6596
278	14.0505	17.5888
279	11.4805	13.9498
280	14.5354	15.3989
281	9.5379	14.4306
282	13.0608	12.6894
283	14.6641	13.4733
284	14.5981	13.8246
285	15.2153	13.1181
286	12.7429	15.4694
287	14.7941	13.8181
288	10.61	12.8776
289	10.0089	11.9632
290	14.9034	12.9339
291	15.8098	15.0829
292	14.6412	13.3123
293	14.9874	12.7347
294	12.3371	10.9537
295	12.3298	11.9571
296	12.8319	13.4047
297	14.1537	12.6564
298	14.2779	11.8922
299	9.7803	15.9308
300	11.0174	10.9933
301	12.117	12.2229
302	13.9282	11.862
303	14.8657	13.7947
304	13.648	14.2531
305	14.5534	16.862
306	13.5719	13.4283
307	13.4823	12.1049
308	12.6688	11.0557
309	13.0023	12.437
310	16.262	16.2902
311	13.3662	11.9574
312	15.0457	15.0465
313	11.6739	10.3051
314	14.6946	13.6443
315	14.2441	14.2217
316	13.9397	13.8878
317	14.683	15.1956
318	12.8811	11.3526
319	12.0159	11.3008
320	14.9511	16.3427
321	10.2034	11.9428
322	13.0699	12.0357
323	13.8794	12.3828
324	11.732	15.4311
325	15.302	14.2897
326	13.0487	14.4927
327	12.8353	12.1935
328	11.4247	13.2992
329	12.7528	11.7412
330	12.5964	11.1179
331	13.4896	12.6258
332	13.471	11.7529
333	15.7899	13.611
334	12.0607	14.5574
335	13.9413	14.1691
336	12.0844	14.4885
337	12.2337	14.6848
338	12.838	13.1495
339	14.7167	13.3886
340	12.61	12.0257
341	11.916	13.7112
342	14.1319	13.8998
343	12.0976	14.9915
344	11.5169	14.5135
345	14.2605	12.7143
346	14.0655	11.7001
347	12.0366	12.3955
348	13.7768	14.9936
349	12.5852	12.5046
350	13.3807	12.7041
351	13.7255	13.2156
352	12.5098	13.4714
353	13.8642	13.7944
354	14.737	14.3584
355	11.0091	13.6773
356	12.0566	12.6889
357	13.7996	11.7641
358	15.0608	13.1169
359	13.2264	13.4627
360	13.7603	13.8991
361	14.2479	14.2527
362	13.1744	15.9501
363	13.4589	15.8395
364	14.3361	14.9063
365	13.5445	11.9291
366	14.9304	13.1175
367	11.1631	12.7217
368	14.9045	16.4933
369	13.4144	13.319
370	13.4043	12.1734
371	14.9549	14.2043
372	10.3481	11.9186
373	10.874	11.1433
374	12.8204	15.2173
375	15.7939	13.6796
376	10.3833	14.0228
377	15.947	13.5602
378	13.4976	12.7954
379	11.4516	11.5636
380	11.371	13.1504
381	15.3245	14.5195
382	14.9344	14.0571
383	12.1486	13.455
384	13.5849	15.2595
385	12.0779	14.1322
386	14.0312	13.8106
387	14.4564	12.446
388	13.3427	14.1682
389	12.1701	10.7569
390	12.8158	11.3481
391	14.2911	12.4022
392	15.5661	16.1778
393	14.009	11.5614
394	11.9274	11.2602
395	13.7449	13.0203
396	12.8458	11.6465
397	10.1888	13.075
398	12.1207	16.021
399	13.2589	11.8751
400	14.5707	14.7509
401	13.4378	16.5204
402	11.2757	11.8387
403	12.4301	12.0133
404	12.4859	11.1892
405	13.4286	11.7616
406	10.786	15.2199
407	11.5742	12.3814
408	11.5081	10.6702
409	12.56	14.5547
410	12.3185	16.7447
411	11.1524	10.79
412	12.8139	10.9817
413	13.1492	11.1934
414	12.8572	12.6519
415	14.2213	15.0165
416	15.1723	12.622
417	13.7176	13.7679
418	14.9744	13.4946
419	12.757	12.7286
420	12.3347	10.7393
421	14.0635	13.5944
422	13.1717	12.3947
423	10.6344	13.2064
424	12.4317	12.795
425	15.2593	14.9453
426	14.1566	12.4438
427	12.943	11.5994
428	14.9561	12.8787
429	13.3446	11.3757
430	11.7086	11.0291
431	13.0272	11.1991
432	14.0842	12.1788
433	14.1484	12.3529
434	12.0228	12.754
435	12.8926	11.8711
436	11.4135	11.374
437	13.8775	12.298
438	13.433	15.3869
439	12.5795	11.2128
440	11.5731	14.1701
441	13.8647	13.5572
442	14.1632	12.3367
443	15.419	16.1447
444	13.6123	13.7398
445	13.6769	12.428
446	16.5588	13.998
447	10.5698	14.5279
448	11.1915	10.3653
449	14.9385	12.7657
450	13.5576	13.085
451	13.0863	11.5925
452	15.2059	13.1091
453	12.6922	11.5606
454	12.709	15.286
455	13.6491	12.9722
456	11.1368	14.0916
457	15.0061	13.5065
458	14.4211	12.8181
459	13.5535	12.5916
460	12.9317	13.1791
461	15.3925	13.1736
462	11.7199	12.0994
463	12.7604	11.0108
464	12.0758	13.6141
465	12.9816	13.8404
466	12.5174	12.9598
467	13.1785	14.3624
468	11.8247	12.3001
469	15.4721	13.3972
470	15.0539	15.909
471	13.9857	13.5099
472	16.4473	14.4226
473	13.5471	11.4611
474	14.1456	12.3039
475	10.8323	9.8391
476	9.9976	13.3386
477	14.4259	12.1447
478	15.2839	15.3219
479	14.8929	13.8171
480	11.3128	11.0761
481	12.7629	11.5251
482	14.8855	15.2667
483	11.9869	12.775
484	14.2669	13.7865
485	12.4718	12.2884
486	12.8299	13.6516
487	13.365	12.301
488	11.4273	15.7501
489	12.6385	13.249
490	12.539	13.8718
491	15.8176	14.6141
492	11.6408	13.287
493	12.1224	10.6614
494	14.602	12.3046
495	14.966	15.1938
496	11.1551	13.3861
497	12.6332	13.0546
498	16.704	14.4143
499	15.6243	13.1496
500	15.7316	17.3979
501	13.9072	12.3673
502	12.1831	11.8194
503	12.3176	12.3255
504	14.0343	12.4573
505	12.147	12.9588
506	13.8457	11.9974
507	13.3319	16.6922
508	13.7144	12.9715
509	13.8552	14.8967
510	13.447	13.5347
511	11.8047	11.7283
512	14.2915	14.6886
513	13.8818	12.2774
514	17.1258	14.6428
515	12.0151	12.575
516	13.0126	11.158
517	14.3479	14.4486
518	15.1958	16.3125
519	10.9026	11.1837
520	12.96	13.8654
521	13.3105	13.4278
522	12.5577	13.7635
523	15.2593	13.9737
524	11.1702	12.7931
525	14.9195	13.1389
526	13.5319	12.6361
527	11.1392	11.7819
528	15.5754	14.4038
529	13.1878	11.2423
530	11.9758	17.1266
531	14.5222	14.4828
532	11.9278	11.8031
533	13.0735	14.495
534	14.5467	16.7773
535	12.056	12.3793
536	15.3998	12.7043
537	13.6849	11.9866
538	15.3612	13.4077
539	16.3712	14.1684
540	14.1443	12.5798
541	15.3502	14.2928
542	15.0858	13.5399
543	14.7919	14.2087
544	13.9378	11.7807
545	13.559	11.9348
546	15.2011	15.1258
547	15.1956	14.9699
548	12.7093	11.2406
549	14.8203	12.721
550	12.5674	13.5476
551	17.5039	14.7017
552	13.8696	11.8266
553	13.5305	12.4013
554	13.7912	15.1333
555	13.6434	15.4239
556	12.934	11.4521
557	14.8712	16.3538
558	12.9189	12.7617
559	16.1056	13.365
560	12.9238	13.4305
561	12.9186	16.1824
562	9.999	14.8003
563	14.9452	13.8439
564	10.6928	13.6748
565	15.1972	12.848
566	13.8511	14.1375
567	14.4943	13.5698
568	18.5063	17.2454
569	11.1809	11.7883
570	15.3437	13.1868
571	13.5458	12.9611
572	14.8107	13.4591
573	12.2365	12.6876
574	12.6161	10.4155
575	11.3953	11.2881
576	12.4056	12.4776
577	12.3988	12.5129
578	14.3766	14.5863
579	14.9678	12.6854
580	15.1487	13.4182
581	11.5446	14.5814
582	12.0961	14.0241
583	13.7133	12.3327
584	12.0603	13.005
585	14.3152	13.4712
586	16.0368	14.2549
587	13.5008	12.0912
588	16.3669	17.2265
589	12.9687	13.5628
590	12.7281	12.3475
591	12.7747	14.7919
592	13.6487	13.0519
593	11.1332	11.2003
594	12.9276	11.6114
595	13.535	13.1856
596	14.8072	15.9832
597	14.4675	12.6839
598	14.259	15.702
599	15.0605	14.9239
600	15.8497	14.4426
601	13.0452	14.6637
602	13.5488	12.0053
603	15.1041	13.563
604	14.4088	15.1247
605	12.7208	11.3574
606	15.1246	15.5227
607	15.0151	12.9485
608	12.9275	12.8619
609	12.6018	12.0541
610	12.6818	11.5808
611	14.5497	12.594
612	14.2546	12.8294
613	13.0247	11.5806
614	14.103	12.5531
615	14.2989	18.0919
616	12.2966	15.5386
617	12.6097	13.252
618	15.3236	14.6054
619	12.2163	13.5352
620	13.4254	12.0125
621	13.9366	11.7281
622	10.0661	12.3412
623	13.3229	12.5047
624	13.9616	12.6007
625	11.5528	11.5439
626	13.6915	13.7538
627	13.1319	13.1138
628	14.022	13.1033
629	10.9168	10.6216
630	14.9197	15.2397
631	15.5917	13.979
632	12.6618	11.9216
633	15.3385	18.8867
634	10.246	13.1084
635	14.1122	12.4128
636	13.0786	11.2283
637	14.0544	12.1558
638	11.6037	11.228
639	14.4788	12.2988
640	14.4475	14.1199
641	15.2827	13.3476
642	10.773	12.7281
643	12.3269	12.1144
644	14.3952	12.8718
645	14.1407	16.4574
646	13.3374	12.2281
647	11.3046	10.687
648	13.2564	11.3606
649	13.185	16.3445
650	14.0745	15.8295
651	14.7939	12.6049
652	12.7855	13.1033
653	13.228	14.8989
654	16.0633	13.6681
655	13.3548	12.7971
656	13.5234	11.7041
657	11.4289	12.217
658	11.5817	13.7456
659	13.9719	12.5409
660	14.6407	13.2658
661	12.7509	13.2953
662	16.4411	14.5516
663	11.4411	9.9128
664	7.9886	13.2637
665	13.5919	12.0806
666	15.913	14.1935
667	11.4021	13.8488
668	14.3791	13.7479
669	13.7758	12.9508
670	11.0084	12.0347
671	13.3784	11.4767
672	14.0343	12.0495
673	13.0719	13.6191
674	14.1462	11.6191
675	15.3648	15.7243
676	17.3772	15.431
677	14.2679	13.055
678	13.6231	11.9952
679	15.5692	16.7175
680	14.6492	13.3479
681	15.4863	13.97
682	13.7667	11.9754
683	14.0988	13.3925
684	13.9602	14.2133
685	13.4408	12.9793
686	12.3765	13.1289
687	13.562	11.8267
688	12.3648	13.0044
689	13.9051	12.6008
690	14.0159	13.1799
691	11.8401	12.3032
692	11.2243	12.8908
693	10.3929	12.4185
694	13.3755	12.2019
695	11.8221	14.1337
696	13.9609	13.5618
697	11.8274	12.4033
698	13.9054	12.1325
699	16.0649	14.5927
700	14.6257	12.4065
701	15.4367	14.1756
702	14.0558	14.9934
703	13.2196	17.3997
704	8.6634	12.1253
705	15.4964	14.5502
706	12.8525	12.774
707	13.9268	13.2075
708	13.0429	12.2438
709	12.1776	11.0857
710	11.4769	13.6157
711	12.8878	14.0959
712	12.2918	15.2548
713	13.1936	13.2771
714	16.2843	13.9669
715	14.0496	13.2192
716	14.1167	13.5932
717	13.7072	11.7227
718	15.043	15.51
719	13.4726	11.8612
720	11.2508	12.5265
721	12.296	13.178
722	12.0636	11.8956
723	14.0506	14.1203
724	13.9471	12.5374
725	14.1987	13.4369
726	12.9221	12.4136
727	12.3029	13.6285
728	12.048	17.799
729	14.87	17.0393
730	12.7055	11.5987
731	13.7375	12.0334
732	11.8333	12.7878
733	12.8669	10.9663
734	13.6504	12.897
735	11.9529	11.1196
736	11.6364	13.5451
737	14.8399	13.1057
738	11.5252	13.4305
739	13.4885	13.1113
740	14.744	13.3412
741	15.7902	15.5851
742	15.0091	13.646
743	16.6195	14.1321
744	11.1382	12.7867
745	11.7519	13.6231
746	13.0648	12.1637
747	14.354	12.1724
748	15.5882	13.5642
749	13.8358	11.6105
750	11.8448	10.5085
751	12.4792	14.1112
752	12.5679	11.1761
753	15.4173	12.5005
754	13.4768	12.3048
755	14.7665	12.9853
756	12.2893	15.1989
757	12.0512	11.4784
758	11.731	12.1258
759	14.7366	12.5136
760	11.3715	10.4468
761	14.166	13.2635
762	13.0792	12.7388
763	13.1096	11.497
764	15.7305	13.5994
765	15.6938	13.5385
766	12.4133	10.4764
767	13.9579	12.9372
768	11.7689	11.0462
769	13.9764	12.8377
770	14.0845	12.3599
771	12.216	12.3773
772	12.9314	11.5441
773	13.5835	12.5072
774	14.886	16.1496
775	11.8633	13.4686
776	15.2858	13.1772
777	13.7334	13.1991
778	12.7415	13.9039
779	15.1607	15.9379
780	14.6374	13.4795
781	13.4378	13.7104
782	15.1393	13.378
783	11.0976	12.7849
784	12.3104	12.102
785	12.5984	12.4509
786	14.5316	13.4085
787	14.4516	13.3514
788	15.7846	15.5945
789	13.6027	15.2387
790	13.1364	12.2857
791	16.3778	17.2016
792	13.4415	13.2723
793	12.4721	11.3458
794	13.1588	13.3972
795	13.5263	13.3554
796	13.848	12.3053
797	14.4061	12.6969
798	12.9299	10.6838
799	12.273	14.2648
800	15.2178	12.7915
801	13.2238	11.4816
802	11.9794	10.3743
803	12.7873	11.8873
804	14.2126	14.9467
805	14.7638	14.1863
806	14.3954	15.2405
807	10.2936	12.4488
808	12.4062	11.7426
809	14.8905	13.3591
810	15.1992	13.0671
811	12.0408	13.8097
812	14.2168	13.3254
813	10.7362	12.9181
814	14.5096	16.4104
815	13.6615	11.947
816	13.2495	11.5706
817	12.8938	14.7603
818	15.0458	14.0358
819	14.1177	15.3169
820	12.9458	12.3541
821	14.514	15.2267
822	13.399	11.4949
823	12.8306	13.0365
824	11.3913	12.1557
825	12.5955	13.1391
826	11.7083	13.2636
827	14.4193	14.4433
828	14.1505	11.5715
829	14.1363	12.3772
830	10.5388	12.0153
831	14.2734	12.7865
832	13.965	13.0346
833	13.5501	13.2587
834	12.7747	14.0861
835	13.8846	12.5198
836	12.1638	10.4617
837	15.1794	13.907
838	10.6077	10.5631
839	10.428	15.4913
840	13.6556	12.5648
841	13.4929	13.2535
842	15.2708	15.3417
843	16.2769	13.9467
844	15.7563	13.2127
845	15.9984	14.9185
846	9.6723	14.0852
847	12.5644	11.4522
848	13.8361	14.0169
849	13.8414	13.37
850	14.0758	12.3055
851	12.5226	12.3464
852	13.299	17.5312
853	9.6302	12.1073
854	11.1557	16.9356
855	14.5662	16.1337
856	13.1411	11.644
857	14.1859	13.584
858	12.18	14.245
859	13.1362	12.0152
860	14.9408	12.8592
861	13.9131	12.0879
862	13.0324	11.919
863	13.8438	14.0024
864	12.0704	10.9081
865	12.9496	10.7394
866	11.8304	11.3408
867	15.3396	17.5716
868	12.1523	11.3863
869	12.2898	12.5785
870	13.4692	13.284
871	14.2116	13.4065
872	13.681	11.5062
873	14.332	12.9876
874	14.3241	12.7019
875	12.7751	13.222
876	12.3756	11.0624
877	11.8562	13.5224
878	12.9414	14.3853
879	13.6175	14.4892
880	14.7947	14.0236
881	12.7773	12.2516
882	12.185	12.378
883	13.2109	13.4036
884	13.0261	12.6726
885	12.6414	13.8097
886	13.8379	12.295
887	14.3698	13.083
888	14.9103	13.2004
889	12.6498	11.254
890	13.9094	16.3724
891	10.8524	14.6616
892	16.4219	17.2359
893	12.9336	13.5593
894	13.0183	11.3913
895	15.312	13.625
896	12.0359	15.1905
897	15.2174	14.6759
898	12.945	12.5042
899	14.4991	13.0319
900	12.331	13.1032
901	15.309	13.0846
902	13.9325	12.1238
903	13.3069	11.564
904	13.2609	11.2641
905	15.6459	12.921
906	14.0761	14.44
907	11.4535	10.5543
908	11.7947	14.0156
909	12.2657	11.1267
910	13.0143	15.2814
911	13.7419	12.5158
912	14.8953	12.6905
913	13.363	13.0524
914	14.4453	13.1917
915	13.9472	12.0533
916	14.3411	11.734
917	13.9432	12.6349
918	12.1792	14.014
919	13.7491	13.6745
920	15.2954	16.4951
921	7.4032	11.9288
922	15.7905	15.2637
923	14.1827	12.1939
924	13.2015	12.7973
925	11.6043	12.3211
926	12.1078	10.6025
927	16.1356	16.1146
928	13.6277	12.6658
929	12.4488	13.0651
930	11.6492	12.8647
931	15.3117	13.2548
932	13.3104	11.2621
933	11.5506	10.5311
934	13.1235	12.8675
935	12.0402	10.7838
936	13.8422	14.5566
937	13.8833	12.7436
938	14.4167	14.9929
939	11.3577	13.6657
940	13.7528	12.4651
941	12.5597	13.1697
942	10.4728	11.7197
943	15.5691	13.4891
944	12.9175	12.0462
945	15.4994	12.9245
946	13.5946	11.3776
947	13.055	13.1285
948	12.2521	14.3842
949	14.5782	14.2616
950	13.7667	12.0427
951	10.8219	12.7199
952	13.7084	12.0888
953	13.3697	11.7256
954	13.6183	11.9593
955	13.6283	11.8295
956	12.2713	11.5875
957	10.6181	10.3545
958	13.0186	15.8276
959	13.969	16.0303
960	13.5083	13.8556
961	11.4238	10.1254
962	13.9938	18.5908
963	13.1732	12.4118
964	12.6127	11.748
965	9.1414	11.8222
966	10.8883	15.6976
967	12.8663	11.767
968	13.416	12.264
969	13.0311	13.3154
970	14.3215	14.5995
971	13.786	13.0707
972	11.5272	13.7994
973	13.3589	13.2528
974	13.8893	12.8425
975	13.1732	12.9381
976	15.1439	14.0505
977	12.8934	11.274
978	14.6798	15.9675
979	12.5573	11.8344
980	11.1295	12.2805
981	11.5613	15.982
982	16.5985	13.7282
983	13.7444	13.0058
984	13.9164	13.8889
985	13.9768	13.7062
986	12.877	11.0847
987	15.339	13.3822
988	13.5725	16.8054
989	7.8566	11.9017
990	11.5609	11.9009
991	9.708	14.4045
992	13.3937	14.65
993	12.9027	11.5245
994	12.3255	10.9112
995	13.4873	12.2195
996	14.1073	13.8488
997	13.0511	11.7981
998	8.6337	14.0789
999	14.2059	13.0934
1000	12.2277	11.3525
